429.9D0	    808.5D0 	        600.0D0		      330.66D0 		    407.52D0 		   0.0	 	0.0	 	0.0
13520.0D0   23400.0D0 	        17000.0D0	      12400.0D0 	    13500.0D0 		   1.0D-20 	1.0D-10 	0.0
0.01044D0   0.012254D0	        0.012454D0	      0.01057D0		    0.0111D0		   0.0	 	0.0	 	5.0D-2
2.60D-3     2.19295639228637D-3 2.2660657412295016D-3 8.79160251028353D-4   2.3773397886916703D-3  0.0	 	0.0	 	8.0D-4
0.0D0 	    0.0D0 	    	0.0045D0 	      0.002D0 		    -0.0005D0 		   0.0	 	0.0	 	0.0
0.0D0 	    0.0D0 	    	7.00D-5 	      6.983418102391079D-4  9.4643601672029D-4 	   0.0	 	0.0	 	0.0
0.0D0 	    0.0D0 	    	105.0D0 	      85.0D0 		    165.0D0		   0.0	 	0.0	 	0.0
0.0D0 	    0.0D0 	    	0.0D0 		      0.0005D0 		    0.0D0 		   0.0	 	0.0	 	0.0
0.0D0 	    0.0D0 	    	0.0D0 		      1.7541553176951527D-3 0.0D0		   0.0	 	0.0	 	0.0
0.0D0 	    0.0D0 	    	0.0D0 		      60.0D0 		    0.0D0 		   0.0	 	0.0	 	0.0
2.06D-50    1.0D-56   	        1.4D-48 	      8.0D-47 		    7.2D-70 		   0.0		0.0		0.0
20.0D0	    22.0D0 	    	18.0D0 		      18.0D0 		    28.0D0 		   0.0		0.0		0.0
0.0D0 	    0.0D0 	    	0.0D0 		      2.0D-18 		    0.0D0 		   0.05	9.072045D-7 	1.0D-6
0.0D0 	    0.0D0 	    	0.0D0 		      6.0D0 		    0.0D0 		   2.0	 	2.0	 	2.0
-0.003299D0 -0.004175D0	        -0.00282D07 	      -0.002354D0 	    -0.002668D0 	   0.0	 	0.0	 	0.0
