13
2 1.0D+1 1.0D-4
1.0D0 
1.0D0 (1.0D0, 0.0D0)
1.0D0 (1.0D0, 0.0D0)


1.0D0 (    -0.000000,       425.793824 ) 
1.0D0 (    -0.000000,      -425.793825 ) 
1.0D0 (  2175.519482,         0.000001 ) 
1.0D0 ( -2175.519482,         0.000001 ) 
1.0D0 (   189.307262,       125.188646 ) 
1.0D0 (   189.307262,      -125.188646 ) 
1.0D0 (  -189.307262,       125.188646 ) 
1.0D0 (  -189.307262,      -125.188646 ) 
1.0D0 (  -709.664588,        -0.000000 ) 
1.0D0 (   709.664588,        -0.000001 ) 
1.0D0 (  -177.097428,       225.949211 ) 
1.0D0 (  -177.097428,      -225.949211 ) 
1.0D0 (   177.097428,       225.949211 ) 
1.0D0 (   177.097428,      -225.949211 ) 



1.374D-3 (2.0D0, 0.0D0)
1.374D-3 (1.0D0, 0.0D0)
