13
2 1.0D+2 1.0D-4
1.0D0
 3.0 0.0
-3.0 0.0

    0.00000000    -1.77245385 
    0.00000000     1.77245385 
   -0.88622693     0.00000000 
    0.88622693     0.00000000 
   -0.88622693    -1.77245385 
   -0.88622693     1.77245385 
    0.88622693    -1.77245385 
    0.88622693     1.77245385 
   -1.77245385     0.00000000 
    1.77245385     0.00000000 
   -1.77245385    -0.88622693 
   -1.77245385     0.88622693 
    1.77245385    -0.88622693 
    1.77245385     0.88622693 


-99.0D0 0.0D0
-33.0D0 1.32D-1
99.0D0 0.0D0
33.0D0 -1.32D-1
