13 0
3 1.0D1 1.0D-5
1.0D0 						
1.0D0
1.0D0  (      0.251907,     +0.000000)  0.000000      -0.200020  
1.0D0  (      0.253119,     -0.000000) -0.200020       0.000000  
1.0D0  (      0.253119,     +0.000000)  0.200020       0.000000  



1.0D0  (      0.251907,     +0.000000)  0.000000      -0.200020  
1.0D0  (      0.251907,     -0.000000)  0.000000       0.200020  
1.0D0  (      0.253119,     -0.000000) -0.200020       0.000000  
1.0D0  (      0.253119,     +0.000000)  0.200020       0.000000  




1.526372528D-3  ( 0.021174,     +0.000000)
1.526372528D-3  ( 0.995366,     +0.000000)
1.526372528D-3	(-0.000000,     +0.000000)
1.526372528D-3  (-0.000019,     +0.000000)
